13 0.2792052304964539 0.450798 0.0292553 0.0159574
4 0.1493431959219858 0.598404 0.0339096 0.0625
4 0.14094359485815602 0.553524 0.0246011 0.056516
13 0.16702637411347518 0.490691 0.0325798 0.0172872
5 0.175536679964539 0.604056 0.0265957 0.056516
7 0.1673581560283688 0.619016 0.025266 0.0305851
8 0.27743694592198587 0.705785 0.0744681 0.0432181
2 0.2769947916666667 0.463431 0.0146277 0.00930851
4 0.11143461879432624 0.54754 0.0239362 0.0432181
16 0.12812311613475177 0.562832 0.0232713 0.0166223
16 0.22770257092198576 0.526263 0.0359043 0.0179521
17 0.5751825132978724 0.561835 0.0771277 0.0292553
0 0.586455784574468 0.617021 0.0638298 0.0425532
8 0.4073011968085106 0.588431 0.0392287 0.0172872
12 0.5088700132978723 0.450133 0.0172872 0.0332447
12 0.49604953457446804 0.362367 0.0279255 0.025266
12 0.48897606382978726 0.4375 0.0119681 0.0265957
12 0.5327423537234043 0.447806 0.0226064 0.0179521
12 0.49096542553191486 0.448803 0.0292553 0.0279255
17 0.5716459441489361 0.631981 0.117021 0.111037
12 0.44233643617021273 0.332779 0.0452128 0.0432181
12 0.4597985372340425 0.450798 0.025266 0.0385638
4 0.5754035904255319 0.467088 0.0265957 0.0472074
16 0.886853945035461 0.523271 0.0385638 0.0199468
10 0.6967578014184398 0.503657 0.0226064 0.113697
16 0.8811066046099291 0.526263 0.0239362 0.0152926
16 1.0933067375886525 0.563497 0.018617 0.012633
